lab3_load3/load_3___23-10-2024_11:27:48.097598.txt;202410231327483614;0;1; 1; 1; 1; 1; 2; 
lab3_load3/load_3___23-10-2024_11:27:48.204291.txt;202410231327483615;107;1; 1; 1; 1; 1; 1; 2; 
lab3_load3/load_3___23-10-2024_11:27:48.304747.txt;202410231327483616;100;1; 1; 1; 1; 1; 1; 2; 
lab3_load3/load_3___23-10-2024_11:27:48.400946.txt;202410231327483617;96;1; 1; 1; 1; 1; 1; 2; 
lab3_load3/load_3___23-10-2024_11:27:48.605261.txt;202410231327483618;205;1; 1; 1; 1; 1; 22; 
lab3_load3/load_3___23-10-2024_11:27:48.676103.txt;202410231327483619;71;1; 1; 1; 1; 1; 3; 
lab3_load3/load_3___23-10-2024_11:27:48.771167.txt;202410231327483620;95;1; 1; 1; 1; 1; 3; 
lab3_load3/load_3___23-10-2024_11:27:48.862727.txt;202410231327483621;91;1; 1; 1; 1; 1; 3; 
lab3_load3/load_3___23-10-2024_11:27:49.647181.txt;202410231327493623;785;1; 1; 1; 1; 1; 1; 2; 
lab3_load3/load_3___23-10-2024_11:27:49.754150.txt;202410231327493624;107;1; 1; 1; 1; 1; 1; 1; 2; 
lab3_load3/load_3___23-10-2024_11:27:49.833485.txt;202410231327493625;79;1; 1; 1; 1; 1; 1; 1; 2; 
lab3_load3/load_3___23-10-2024_11:27:49.918389.txt;202410231327493626;85;1; 1; 1; 1; 1; 1; 2; 
lab3_load3/load_3___23-10-2024_11:27:50.087340.txt;202410231327503628;169;1; 1; 1; 1; 1; 2; 
lab3_load3/load_3___23-10-2024_11:27:50.733294.txt;202410231327503629;646;1; 1; 10; 10; 10; 53; 
lab3_load3/load_3___23-10-2024_11:27:50.855007.txt;202410231327503630;122;1; 1; 3; 3; 3; 6; 
lab3_load3/load_3___23-10-2024_11:27:50.953022.txt;202410231327503631;98;1; 1; 1; 1; 1; 1; 2; 
lab3_load3/load_3___23-10-2024_11:27:51.066229.txt;202410231327513633;113;1; 1; 1; 1; 1; 2; 
lab3_load3/load_3___23-10-2024_11:27:51.657157.txt;202410231327513634;591;1; 1; 1; 9; 9; 9; 35; 
lab3_load3/load_3___23-10-2024_11:27:51.762717.txt;202410231327513635;105;1; 1; 2; 2; 2; 4; 
lab3_load3/load_3___23-10-2024_11:27:52.186258.txt;202410231327513636;424;1; 1; 17; 17; 17; 47; 
lab3_load3/load_3___23-10-2024_11:27:52.297199.txt;202410231327523637;111;1; 1; 3; 3; 3; 9; 
lab3_load3/load_3___23-10-2024_11:27:52.415192.txt;202410231327523638;118;1; 1; 2; 2; 2; 4; 
lab3_load3/load_3___23-10-2024_11:27:52.517291.txt;202410231327523639;102;1; 1; 1; 1; 1; 1; 5; 
lab3_load3/load_3___23-10-2024_11:27:52.637331.txt;202410231327523640;120;1; 1; 1; 2; 2; 2; 4; 
lab3_load3/load_3___23-10-2024_11:27:52.901392.txt;202410231327523641;264;1; 1; 1; 9; 9; 9; 22; 
lab3_load3/load_3___23-10-2024_11:27:53.034587.txt;202410231327523642;133;1; 1; 1; 7; 7; 7; 8; 
lab3_load3/load_3___23-10-2024_11:27:53.126832.txt;202410231327533643;92;1; 1; 1; 2; 2; 2; 3; 
lab3_load3/load_3___23-10-2024_11:27:53.229387.txt;202410231327533644;103;1; 1; 2; 2; 2; 4; 
lab3_load3/load_3___23-10-2024_11:27:53.389410.txt;202410231327533645;160;1; 1; 1; 1; 4; 4; 4; 11; 
lab3_load3/load_3___23-10-2024_11:27:53.540487.txt;202410231327533646;151;1; 1; 1; 1; 4; 4; 4; 11; 
lab3_load3/load_3___23-10-2024_11:27:53.648626.txt;202410231327533647;108;1; 1; 1; 1; 2; 2; 2; 4; 
lab3_load3/load_3___23-10-2024_11:27:53.854623.txt;202410231327533648;206;1; 1; 1; 6; 6; 6; 13; 
lab3_load3/load_3___23-10-2024_11:27:54.162284.txt;202410231327533649;308;1; 1; 15; 15; 15; 25; 
lab3_load3/load_3___23-10-2024_11:27:54.296061.txt;202410231327543650;134;1; 1; 1; 5; 5; 5; 10; 
lab3_load3/load_3___23-10-2024_11:27:54.371373.txt;202410231327543651;75;1; 1; 1; 1; 1; 1; 2; 
lab3_load3/load_3___23-10-2024_11:27:54.671513.txt;202410231327543652;300;1; 1; 1; 5; 5; 5; 23; 
lab3_load3/load_3___23-10-2024_11:27:54.829577.txt;202410231327543653;158;1; 1; 1; 5; 5; 5; 15; 
lab3_load3/load_3___23-10-2024_11:27:55.028350.txt;202410231327543654;199;1; 1; 1; 1; 1; 1; 2; 
lab3_load3/load_3___23-10-2024_11:27:55.114836.txt;202410231327553655;86;1; 1; 1; 1; 1; 1; 2; 
lab3_load3/load_3___23-10-2024_11:27:55.249601.txt;202410231327553656;135;1; 1; 2; 2; 2; 10; 
lab3_load3/load_3___23-10-2024_11:27:55.353040.txt;202410231327553657;104;1; 1; 2; 2; 2; 4; 
lab3_load3/load_3___23-10-2024_11:27:55.444637.txt;202410231327553658;91;1; 1; 3; 3; 3; 6; 
lab3_load3/load_3___23-10-2024_11:27:55.529616.txt;202410231327553659;85;1; 1; 3; 3; 3; 6; 
lab3_load3/load_3___23-10-2024_11:27:55.664287.txt;202410231327553660;135;1; 1; 2; 2; 2; 4; 
lab3_load3/load_3___23-10-2024_11:27:55.723371.txt;202410231327553661;59;1; 1; 1; 1; 1; 1; 
lab3_load3/load_3___23-10-2024_11:27:55.869195.txt;202410231327553663;146;1; 1; 1; 1; 1; 1; 2; 
lab3_load3/load_3___23-10-2024_11:27:55.948402.txt;202410231327553664;79;1; 1; 1; 1; 1; 1; 1; 2; 
lab3_load3/load_3___23-10-2024_11:27:56.115773.txt;202410231327563665;167;1; 1; 1; 1; 6; 6; 6; 13; 
lab3_load3/load_3___23-10-2024_11:27:56.197489.txt;202410231327563666;82;1; 1; 1; 1; 1; 3; 
lab3_load3/load_3___23-10-2024_11:27:56.295073.txt;202410231327563667;98;1; 1; 4; 4; 4; 5; 
lab3_load3/load_3___23-10-2024_11:27:56.386499.txt;202410231327563668;91;1; 1; 3; 3; 3; 6; 
lab3_load3/load_3___23-10-2024_11:27:56.471133.txt;202410231327563669;85;1; 1; 1; 1; 1; 2; 
lab3_load3/load_3___23-10-2024_11:27:56.603369.txt;202410231327563670;132;1; 1; 1; 2; 2; 2; 4; 
lab3_load3/load_3___23-10-2024_11:27:56.781370.txt;202410231327563671;178;1; 1; 1; 8; 8; 8; 10; 
lab3_load3/load_3___23-10-2024_11:27:56.958723.txt;202410231327563672;177;1; 1; 1; 8; 8; 8; 14; 
lab3_load3/load_3___23-10-2024_11:27:57.112928.txt;202410231327573673;154;1; 1; 6; 6; 6; 7; 
lab3_load3/load_3___23-10-2024_11:27:57.362805.txt;202410231327573674;250;1; 1; 1; 1; 4; 4; 4; 7; 
lab3_load3/load_3___23-10-2024_11:27:57.437060.txt;202410231327573675;75;1; 1; 1; 1; 1; 1; 1; 2; 
lab3_load3/load_3___23-10-2024_11:27:57.735665.txt;202410231327573676;298;1; 1; 1; 2; 2; 2; 24; 
lab3_load3/load_3___23-10-2024_11:27:57.830648.txt;202410231327573677;95;1; 1; 1; 2; 2; 2; 4; 
lab3_load3/load_3___23-10-2024_11:27:57.975002.txt;202410231327573678;145;1; 1; 1; 1; 1; 1; 2; 
lab3_load3/load_3___23-10-2024_11:27:58.119247.txt;202410231327583679;144;1; 1; 1; 1; 3; 3; 3; 5; 
lab3_load3/load_3___23-10-2024_11:27:58.188865.txt;202410231327583680;69;1; 1; 1; 1; 1; 1; 2; 
lab3_load3/load_3___23-10-2024_11:27:58.263911.txt;202410231327583681;75;1; 1; 1; 1; 1; 1; 2; 
lab3_load3/load_3___23-10-2024_11:27:58.360207.txt;202410231327583682;97;1; 1; 1; 1; 1; 1; 2; 
lab3_load3/load_3___23-10-2024_11:27:58.531045.txt;202410231327583683;171;1; 1; 1; 5; 5; 5; 11; 
lab3_load3/load_3___23-10-2024_11:27:58.609266.txt;202410231327583684;78;1; 1; 1; 1; 1; 1; 2; 
lab3_load3/load_3___23-10-2024_11:27:58.704033.txt;202410231327583685;95;1; 1; 1; 1; 1; 1; 2; 
lab3_load3/load_3___23-10-2024_11:27:58.788189.txt;202410231327583686;84;1; 1; 1; 1; 1; 1; 2; 
lab3_load3/load_3___23-10-2024_11:27:58.858640.txt;202410231327583687;70;1; 1; 1; 1; 1; 1; 2; 
lab3_load3/load_3___23-10-2024_11:27:58.944917.txt;202410231327583688;86;1; 1; 1; 1; 1; 1; 2; 
lab3_load3/load_3___23-10-2024_11:27:59.077204.txt;202410231327593689;133;1; 1; 1; 1; 1; 1; 2; 
lab3_load3/load_3___23-10-2024_11:27:59.166988.txt;202410231327593690;89;1; 1; 1; 1; 1; 1; 2; 
lab3_load3/load_3___23-10-2024_11:27:59.426237.txt;202410231327593691;260;1; 1; 1; 10; 10; 10; 15; 
lab3_load3/load_3___23-10-2024_11:27:59.652546.txt;202410231327593692;226;1; 1; 1; 11; 11; 11; 16; 
lab3_load3/load_3___23-10-2024_11:27:59.781112.txt;202410231327593693;129;1; 1; 1; 3; 3; 3; 8; 
lab3_load3/load_3___23-10-2024_11:27:59.986453.txt;202410231327593694;205;1; 1; 1; 1; 1; 1; 2; 
lab3_load3/load_3___23-10-2024_11:28:00.081080.txt;202410231328003695;95;1; 1; 2; 2; 2; 3; 
lab3_load3/load_3___23-10-2024_11:28:00.433620.txt;202410231328003696;352;1; 1; 1; 8; 8; 8; 29; 
lab3_load3/load_3___23-10-2024_11:28:00.527261.txt;202410231328003697;94;1; 1; 1; 1; 1; 1; 2; 
lab3_load3/load_3___23-10-2024_11:28:00.685363.txt;202410231328003698;158;1; 1; 1; 8; 8; 8; 10; 
lab3_load3/load_3___23-10-2024_11:28:00.767640.txt;202410231328003699;82;1; 1; 1; 1; 1; 1; 2; 
lab3_load3/load_3___23-10-2024_11:28:00.840115.txt;202410231328003700;73;1; 1; 1; 1; 1; 1; 2; 
lab3_load3/load_3___23-10-2024_11:28:00.951473.txt;202410231328003701;111;1; 1; 1; 1; 1; 1; 2; 
lab3_load3/load_3___23-10-2024_11:28:01.047717.txt;202410231328003702;96;1; 1; 1; 1; 1; 1; 2; 
lab3_load3/load_3___23-10-2024_11:28:01.215427.txt;202410231328013703;168;1; 1; 1; 3; 3; 3; 5; 
lab3_load3/load_3___23-10-2024_11:28:01.308059.txt;202410231328013704;93;1; 1; 1; 1; 1; 1; 2; 
lab3_load3/load_3___23-10-2024_11:28:01.368519.txt;202410231328013705;60;1; 1; 1; 1; 1; 1; 2; 
lab3_load3/load_3___23-10-2024_11:28:01.474786.txt;202410231328013706;106;1; 1; 1; 2; 2; 2; 3; 
lab3_load3/load_3___23-10-2024_11:28:01.579296.txt;202410231328013707;105;1; 1; 1; 2; 2; 2; 3; 
lab3_load3/load_3___23-10-2024_11:28:01.682164.txt;202410231328013708;103;1; 1; 1; 1; 1; 1; 5; 
lab3_load3/load_3___23-10-2024_11:28:01.885742.txt;202410231328013709;203;1; 1; 7; 7; 7; 13; 
lab3_load3/load_3___23-10-2024_11:28:01.962272.txt;202410231328013710;77;1; 1; 3; 3; 3; 6; 
lab3_load3/load_3___23-10-2024_11:28:02.080451.txt;202410231328023711;118;1; 1; 3; 3; 3; 6; 
lab3_load3/load_3___23-10-2024_11:28:02.153902.txt;202410231328023712;73;1; 1; 3; 3; 3; 6; 
lab3_load3/load_3___23-10-2024_11:28:02.273227.txt;202410231328023713;120;1; 1; 3; 3; 3; 3; 
lab3_load3/load_3___23-10-2024_11:28:02.573640.txt;202410231328023714;300;1; 1; 2; 2; 2; 12; 
lab3_load3/load_3___23-10-2024_11:28:02.642070.txt;202410231328023715;69;1; 1; 3; 3; 3; 3; 
lab3_load3/load_3___23-10-2024_11:28:02.745546.txt;202410231328023716;103;1; 1; 1; 1; 1; 1; 2; 
lab3_load3/load_3___23-10-2024_11:28:02.854424.txt;202410231328023717;109;1; 1; 1; 2; 2; 2; 4; 
lab3_load3/load_3___23-10-2024_11:28:02.951810.txt;202410231328023718;97;1; 1; 1; 2; 2; 2; 4; 
lab3_load3/load_3___23-10-2024_11:28:03.043226.txt;202410231328023719;92;1; 1; 1; 2; 2; 2; 4; 
lab3_load3/load_3___23-10-2024_11:28:03.100691.txt;202410231328033720;57;1; 1; 1; 1; 1; 1; 2; 
lab3_load3/load_3___23-10-2024_11:28:03.214870.txt;202410231328033721;114;1; 1; 3; 3; 3; 3; 
lab3_load3/load_3___23-10-2024_11:28:03.296695.txt;202410231328033722;82;1; 1; 1; 1; 1; 1; 1; 2; 
lab3_load3/load_3___23-10-2024_11:28:03.602346.txt;202410231328033723;306;1; 1; 13; 13; 13; 22; 
lab3_load3/load_3___23-10-2024_11:28:03.742065.txt;202410231328033724;140;1; 1; 8; 8; 8; 17; 
lab3_load3/load_3___23-10-2024_11:28:03.856379.txt;202410231328033725;114;1; 1; 5; 5; 5; 5; 
lab3_load3/load_3___23-10-2024_11:28:03.964725.txt;202410231328033726;108;1; 1; 3; 3; 3; 6; 
lab3_load3/load_3___23-10-2024_11:28:04.107734.txt;202410231328043727;143;1; 1; 5; 5; 5; 5; 
lab3_load3/load_3___23-10-2024_11:28:04.196421.txt;202410231328043728;89;1; 1; 1; 1; 1; 1; 1; 5; 
lab3_load3/load_3___23-10-2024_11:28:04.305270.txt;202410231328043729;109;1; 1; 3; 3; 3; 3; 
lab3_load3/load_3___23-10-2024_11:28:04.448325.txt;202410231328043730;143;1; 1; 5; 5; 5; 5; 
lab3_load3/load_3___23-10-2024_11:28:04.550118.txt;202410231328043731;102;1; 1; 1; 2; 2; 2; 7; 
lab3_load3/load_3___23-10-2024_11:28:04.618567.txt;202410231328043732;68;1; 1; 1; 1; 1; 1; 1; 2; 
lab3_load3/load_3___23-10-2024_11:28:04.706480.txt;202410231328043733;88;1; 1; 1; 1; 1; 1; 2; 
lab3_load3/load_3___23-10-2024_11:28:04.963665.txt;202410231328043734;257;1; 1; 1; 1; 1; 1; 3; 
lab3_load3/load_3___23-10-2024_11:28:05.031632.txt;202410231328043735;68;1; 1; 1; 1; 1; 1; 2; 
lab3_load3/load_3___23-10-2024_11:28:05.157756.txt;202410231328053736;126;1; 1; 1; 1; 3; 3; 3; 9; 
lab3_load3/load_3___23-10-2024_11:28:05.252831.txt;202410231328053737;95;1; 1; 1; 2; 2; 2; 4; 
lab3_load3/load_3___23-10-2024_11:28:05.341660.txt;202410231328053738;89;1; 1; 1; 1; 1; 1; 2; 
lab3_load3/load_3___23-10-2024_11:28:05.584738.txt;202410231328053739;243;1; 1; 1; 4; 4; 4; 19; 
lab3_load3/load_3___23-10-2024_11:28:05.663667.txt;202410231328053740;79;1; 1; 2; 2; 2; 3; 
lab3_load3/load_3___23-10-2024_11:28:05.773752.txt;202410231328053741;110;1; 1; 1; 1; 1; 1; 5; 
lab3_load3/load_3___23-10-2024_11:28:06.013690.txt;202410231328053742;240;1; 1; 1; 4; 4; 4; 14; 
lab3_load3/load_3___23-10-2024_11:28:06.229655.txt;202410231328063743;216;1; 1; 1; 4; 4; 4; 14; 
lab3_load3/load_3___23-10-2024_11:28:06.324143.txt;202410231328063744;95;1; 1; 1; 3; 3; 3; 3; 
lab3_load3/load_3___23-10-2024_11:28:06.448261.txt;202410231328063745;124;1; 1; 2; 2; 2; 4; 
lab3_load3/load_3___23-10-2024_11:28:06.588537.txt;202410231328063746;140;1; 1; 1; 1; 1; 1; 2; 
lab3_load3/load_3___23-10-2024_11:28:06.657199.txt;202410231328063747;69;1; 1; 1; 1; 1; 2; 
lab3_load3/load_3___23-10-2024_11:28:06.736801.txt;202410231328063748;79;1; 1; 1; 1; 1; 2; 
lab3_load3/load_3___23-10-2024_11:28:06.915900.txt;202410231328063749;179;1; 1; 1; 3; 3; 3; 8; 
lab3_load3/load_3___23-10-2024_11:28:07.036159.txt;202410231328063750;121;1; 1; 1; 3; 3; 3; 5; 
lab3_load3/load_3___23-10-2024_11:28:07.162749.txt;202410231328073751;126;1; 1; 2; 2; 2; 3; 
lab3_load3/load_3___23-10-2024_11:28:07.278729.txt;202410231328073752;116;1; 1; 1; 3; 3; 3; 5; 
lab3_load3/load_3___23-10-2024_11:28:07.542765.txt;202410231328073753;264;1; 1; 1; 12; 12; 12; 20; 
lab3_load3/load_3___23-10-2024_11:28:07.923688.txt;202410231328073754;381;1; 1; 2; 2; 2; 21; 1; 
lab3_load3/load_3___23-10-2024_11:28:08.029203.txt;202410231328073755;106;1; 1; 2; 2; 2; 3; 
lab3_load3/load_3___23-10-2024_11:28:08.111107.txt;202410231328083756;82;1; 1; 2; 2; 2; 2; 
lab3_load3/load_3___23-10-2024_11:28:08.249658.txt;202410231328083757;138;1; 1; 3; 3; 3; 3; 
lab3_load3/load_3___23-10-2024_11:28:08.416226.txt;202410231328083758;167;1; 1; 1; 1; 5; 5; 5; 10; 
lab3_load3/load_3___23-10-2024_11:28:08.495339.txt;202410231328083759;79;1; 1; 1; 3; 3; 3; 3; 
lab3_load3/load_3___23-10-2024_11:28:08.634725.txt;202410231328083760;139;1; 1; 1; 1; 1; 1; 2; 
lab3_load3/load_3___23-10-2024_11:28:08.700725.txt;202410231328083761;66;1; 1; 2; 2; 2; 3; 
lab3_load3/load_3___23-10-2024_11:28:08.762035.txt;202410231328083762;62;1; 1; 1; 1; 1; 2; 
lab3_load3/load_3___23-10-2024_11:28:08.831185.txt;202410231328083763;69;1; 1; 1; 1; 1; 1; 
lab3_load3/load_3___23-10-2024_11:28:08.906297.txt;202410231328083764;75;1; 1; 1; 1; 1; 2; 
lab3_load3/load_3___23-10-2024_11:28:09.218842.txt;202410231328093765;312;1; 1; 1; 2; 2; 2; 18; 
lab3_load3/load_3___23-10-2024_11:28:09.463961.txt;202410231328093766;245;1; 1; 2; 2; 2; 19; 
lab3_load3/load_3___23-10-2024_11:28:09.748061.txt;202410231328093767;285;1; 1; 2; 2; 2; 18; 
lab3_load3/load_3___23-10-2024_11:28:10.164375.txt;202410231328103768;416;1; 1; 1; 3; 3; 3; 28; 
lab3_load3/load_3___23-10-2024_11:28:10.388636.txt;202410231328103769;224;1; 1; 2; 2; 2; 19; 
lab3_load3/load_3___23-10-2024_11:28:10.700788.txt;202410231328103770;312;1; 1; 1; 3; 3; 3; 27; 
lab3_load3/load_3___23-10-2024_11:28:10.956194.txt;202410231328103771;256;1; 1; 2; 2; 2; 19; 1; 
lab3_load3/load_3___23-10-2024_11:28:11.584468.txt;202410231328113772;628;1; 1; 1; 3; 3; 3; 42; 
lab3_load3/load_3___23-10-2024_11:28:11.899227.txt;202410231328113773;315;1; 1; 2; 2; 2; 25; 1; 
lab3_load3/load_3___23-10-2024_11:28:12.088583.txt;202410231328123774;189;1; 1; 1; 1; 1; 1; 2; 
lab3_load3/load_3___23-10-2024_11:28:12.246868.txt;202410231328123775;158;1; 1; 1; 3; 3; 3; 8; 
lab3_load3/load_3___23-10-2024_11:28:12.365933.txt;202410231328123776;119;1; 1; 1; 1; 3; 3; 3; 9; 
lab3_load3/load_3___23-10-2024_11:28:12.439200.txt;202410231328123777;74;1; 1; 1; 1; 1; 1; 2; 
lab3_load3/load_3___23-10-2024_11:28:12.512873.txt;202410231328123778;73;1; 1; 1; 1; 1; 1; 2; 
lab3_load3/load_3___23-10-2024_11:28:12.640767.txt;202410231328123779;128;1; 1; 3; 3; 3; 3; 
lab3_load3/load_3___23-10-2024_11:28:12.726972.txt;202410231328123780;86;1; 1; 3; 3; 3; 3; 
lab3_load3/load_3___23-10-2024_11:28:12.876957.txt;202410231328123781;150;1; 1; 1; 1; 1; 10; 
lab3_load3/load_3___23-10-2024_11:28:12.938102.txt;202410231328123782;62;1; 1; 3; 3; 3; 3; 
lab3_load3/load_3___23-10-2024_11:28:13.015077.txt;202410231328123783;77;1; 1; 3; 3; 3; 3; 
lab3_load3/load_3___23-10-2024_11:28:13.081011.txt;202410231328133784;66;1; 1; 1; 1; 1; 1; 
lab3_load3/load_3___23-10-2024_11:28:13.323515.txt;202410231328133785;242;1; 1; 8; 8; 8; 20; 
lab3_load3/load_3___23-10-2024_11:28:13.412598.txt;202410231328133786;89;1; 1; 1; 1; 1; 2; 
lab3_load3/load_3___23-10-2024_11:28:13.538211.txt;202410231328133787;126;1; 1; 5; 5; 5; 12; 
lab3_load3/load_3___23-10-2024_11:28:13.623885.txt;202410231328133788;85;1; 1; 1; 1; 1; 2; 
lab3_load3/load_3___23-10-2024_11:28:13.771957.txt;202410231328133789;148;1; 1; 5; 5; 5; 12; 
lab3_load3/load_3___23-10-2024_11:28:13.904843.txt;202410231328133790;133;1; 1; 5; 5; 5; 12; 
lab3_load3/load_3___23-10-2024_11:28:14.037698.txt;202410231328133791;133;1; 1; 5; 5; 5; 12; 
lab3_load3/load_3___23-10-2024_11:28:14.112234.txt;202410231328143792;75;1; 1; 1; 1; 1; 2; 
lab3_load3/load_3___23-10-2024_11:28:14.178825.txt;202410231328143793;66;1; 1; 1; 1; 1; 2; 
lab3_load3/load_3___23-10-2024_11:28:14.380795.txt;202410231328143794;202;1; 1; 1; 1; 1; 1; 
lab3_load3/load_3___23-10-2024_11:28:14.797658.txt;202410231328143795;417;1; 1; 1; 14; 14; 14; 31; 
lab3_load3/load_3___23-10-2024_11:28:14.897387.txt;202410231328143796;100;1; 1; 3; 3; 3; 3; 
lab3_load3/load_3___23-10-2024_11:28:14.964012.txt;202410231328143797;67;1; 1; 3; 3; 3; 3; 
lab3_load3/load_3___23-10-2024_11:28:15.027147.txt;202410231328143798;63;1; 1; 1; 1; 1; 1; 
lab3_load3/load_3___23-10-2024_11:28:15.081060.txt;202410231328153799;54;1; 1; 1; 1; 1; 1; 
lab3_load3/load_3___23-10-2024_11:28:15.167138.txt;202410231328153800;86;1; 1; 1; 1; 1; 2; 
lab3_load3/load_3___23-10-2024_11:28:15.247903.txt;202410231328153801;80;1; 1; 1; 1; 1; 2; 
lab3_load3/load_3___23-10-2024_11:28:16.499946.txt;202410231328153802;1252;1; 1; 8; 8; 8; 24; 
lab3_load3/load_3___23-10-2024_11:28:16.619019.txt;202410231328153803;120;1; 1; 8; 8; 8; 41; 
lab3_load3/load_3___23-10-2024_11:28:16.720218.txt;202410231328153804;101;1; 1; 2; 2; 2; 4; 
lab3_load3/load_3___23-10-2024_11:28:16.785420.txt;202410231328163805;65;1; 1; 3; 3; 3; 3; 
lab3_load3/load_3___23-10-2024_11:28:16.842016.txt;202410231328163806;57;1; 1; 1; 2; 2; 2; 4; 
lab3_load3/load_3___23-10-2024_11:28:16.909192.txt;202410231328163807;67;1; 1; 1; 1; 1; 1; 13; 
lab3_load3/load_3___23-10-2024_11:28:16.985999.txt;202410231328163808;76;1; 1; 2; 2; 2; 2; 
lab3_load3/load_3___23-10-2024_11:28:17.054845.txt;202410231328163809;69;1; 1; 1; 1; 1; 2; 
lab3_load3/load_3___23-10-2024_11:28:17.115081.txt;202410231328163810;61;1; 1; 1; 1; 2; 2; 2; 13; 
lab3_load3/load_3___23-10-2024_11:28:17.200695.txt;202410231328163811;85;1; 1; 1; 6; 6; 6; 19; 2; 
lab3_load3/load_3___23-10-2024_11:28:18.088784.txt;202410231328183814;888;1; 1; 1; 1; 1; 1; 
