202410231308241367;202410231308241369;2
202410231308241372;202410231308251374;10002
202410231308251379;202410231308261380;10001
202410231308261383;202410231308271384;10001
202410231308271386;202410231308281387;10001
202410231308281387;202410231308291388;10001
202410231308291389;202410231308301390;10001
202410231308301393;202410231308311394;10001
202410231308311395;202410231308321396;10001
202410231308321401;202410231308331402;10001
202410231308331406;202410231308341407;10001
202410231308341412;202410231308341414;2
202410231308341414;202410231308351415;10001
202410231308351421;202410231308361422;10001
202410231308361430;202410231308371431;10001
202410231308371439;202410231308381440;10001
202410231308381447;202410231308391448;10001
202410231308391456;202410231308401457;10001
202410231308401465;202410231308411466;10001
202410231308411475;202410231308421476;10001
202410231308421487;202410231308431488;10001
202410231308431491;202410231308441492;10001
202410231308441502;202410231308451503;10001
202410231308451512;202410231308461513;10001
202410231308461521;202410231308471522;10001
202410231308471531;202410231308481532;10001
202410231308481541;202410231308491542;10001
202410231308491546;202410231308501547;10001
202410231308501555;202410231308511556;10001
202410231308511562;202410231308521563;10001
202410231308521570;202410231308531571;10001
202410231308531572;202410231308541573;10001
202410231308541580;202410231308551581;10001
202410231308551584;202410231308561585;10001
202410231308561587;202410231308571588;10001
202410231308571594;202410231308581595;10001
202410231308581602;202410231308591603;10001
202410231308591609;202410231309001610;410001
202410231309001614;202410231309011615;10001
202410231309011616;202410231309021617;10001
202410231309021617;202410231309031618;10001
202410231309031619;202410231309041620;10001
202410231309041627;202410231309051628;10001
202410231309051635;202410231309061636;10001
202410231309061641;202410231309071642;10001
202410231309071649;202410231309081650;10001
202410231309081655;202410231309091656;10001
202410231309091662;202410231309101663;10001
202410231309101671;202410231309111672;10001
202410231309111675;202410231309121676;10001
202410231309121683;202410231309131684;10001
202410231309131688;202410231309141689;10001
202410231309141696;202410231309151697;10001
202410231309151702;202410231309161703;10001
202410231309161708;202410231309171709;10001
202410231309171714;202410231309181715;10001
202410231309181722;202410231309191723;10001
202410231309191724;202410231309201725;10001
202410231309201731;202410231309211732;10001
202410231309211737;202410231309221738;10001
202410231309221745;202410231309231746;10001
202410231309231748;202410231309241749;10001
202410231309241752;202410231309251753;10001
202410231309251758;202410231309261759;10001
202410231309261766;202410231309271767;10001
202410231309271769;202410231309281770;10001
202410231309281777;202410231309291778;10001
202410231309291780;202410231309301781;10001
202410231309301787;202410231309311788;10001
202410231309311791;202410231309321792;10001
202410231309321795;202410231309331796;10001
202410231309331796;202410231309341797;10001
202410231309341798;202410231309351799;10001
202410231309351799;202410231309361800;10001
202410231309361806;202410231309371807;10001
202410231309371814;202410231309381815;10001
202410231309381820;202410231309391821;10001
202410231309391821;202410231309401822;10001
202410231309401824;202410231309411825;10001
202410231309411825;202410231309421826;10001
202410231309421829;202410231309431830;10001
202410231309431835;202410231309441836;10001
202410231309441838;202410231309441842;4
202410231309441843;202410231309451844;10001
202410231309451853;202410231309461854;10001
202410231309461857;202410231309471858;10001
202410231309471863;202410231309481864;10001
202410231309481869;202410231309491870;10001
202410231309491875;202410231309501877;10002
202410231309501883;202410231309511884;10001
202410231309511890;202410231309521891;10001
202410231309521895;202410231309531896;10001
202410231309531896;202410231309541897;10001
202410231309541903;202410231309551904;10001
202410231309551911;202410231309561912;10001
202410231309561918;202410231309571919;10001
202410231309571925;202410231309581926;10001
202410231309581933;202410231309591934;10001
202410231309591942;202410231310001943;410001
202410231310001949;202410231310011950;10001
202410231310011959;202410231310021960;10001
202410231310021966;202410231310031967;10001
202410231310031973;202410231310041974;10001
202410231310041978;202410231310051979;10001
202410231310051982;202410231310051984;2
202410231310051984;202410231310061985;10001
202410231310061990;202410231310071991;10001
202410231310072000;202410231310082001;10001
202410231310082009;202410231310092010;10001
202410231310092018;202410231310102019;10001
202410231310102027;202410231310112028;10001
202410231310112038;202410231310122039;10001
202410231310122046;202410231310132047;10001
202410231310132057;202410231310142058;10001
202410231310142065;202410231310152066;10001
202410231310152075;202410231310162076;10001
202410231310162081;202410231310172082;10001
202410231310172089;202410231310182090;10001
202410231310182101;202410231310192102;10001
202410231310192110;202410231310202111;10001
202410231310202120;202410231310212121;10001
202410231310212127;202410231310222128;10001
202410231310222138;202410231310232139;10001
202410231310232143;202410231310242144;10001
202410231310242148;202410231310252149;10001
202410231310252156;202410231310262157;10001
202410231310262161;202410231310272162;10001
202410231310272167;202410231310282168;10001
202410231310282177;202410231310292178;10001
202410231310292186;202410231310302187;10001
202410231310302196;202410231310312197;10001
202410231310312202;202410231310322203;10001
202410231310322206;202410231310332207;10001
202410231310332213;202410231310342214;10001
202410231310342221;202410231310352222;10001
202410231310352222;202410231310352224;2
202410231310352226;202410231310362227;10001
202410231310362235;202410231310372236;10001
202410231310372243;202410231310382244;10001
202410231310382246;202410231311212312;830066
202410231311212319;202410231311222320;10001
202410231311222325;202410231311232326;10001
202410231311232335;202410231311242336;10001
202410231311242341;202410231311252342;10001
202410231311252344;202410231311262347;10003
202410231311262348;202410231311272349;10001
202410231311272356;202410231311282357;10001
202410231311282362;202410231311292363;10001
202410231311292369;202410231311302370;10001
202410231311302380;202410231311312381;10001
202410231311312384;202410231311312386;2
202410231311312387;202410231311322388;10001
202410231311322390;202410231311322392;2
202410231311322394;202410231311332395;10001
202410231311332399;202410231311342400;10001
202410231311342402;202410231311352403;10001
202410231311352407;202410231311362408;10001
202410231311362416;202410231311372417;10001
202410231311372423;202410231311382424;10001
202410231311382430;202410231311392431;10001
202410231311392436;202410231311402437;10001
202410231311402443;202410231311412444;10001
202410231311412448;202410231311422449;10001
202410231311422454;202410231311432455;10001
202410231311432461;202410231311442462;10001
202410231311442466;202410231311452467;10001
202410231311452472;202410231311462473;10001
202410231311462480;202410231311472481;10001
202410231311472486;202410231311482487;10001
202410231311482493;202410231311492494;10001
202410231311492500;202410231311502501;10001
202410231311502507;202410231311512508;10001
202410231311512516;202410231311522517;10001
202410231311522524;202410231311532525;10001
202410231311532536;202410231311542537;10001
202410231311542538;202410231311552539;10001
202410231311552543;202410231311562544;10001
202410231311562545;202410231311572546;10001
202410231311572554;202410231311582555;10001
202410231311582562;202410231311592563;10001
202410231311592570;202410231312002571;410001
202410231312002580;202410231312012581;10001
202410231312012587;202410231312022588;10001
202410231312022596;202410231312032597;10001
202410231312032603;202410231312042604;10001
202410231312042611;202410231312052612;10001
202410231312052618;202410231312062619;10001
202410231312062623;202410231312072624;10001
202410231312072632;202410231312082633;10001
202410231312082641;202410231312092642;10001
202410231312092648;202410231312102649;10001
202410231312102656;202410231312112657;10001
202410231312112665;202410231312122666;10001
202410231312122671;202410231312132672;10001
202410231312132678;202410231312142679;10001
202410231312142684;202410231312152685;10001
202410231312152696;202410231312162697;10001
202410231312162704;202410231312172705;10001
202410231312172715;202410231312182716;10001
202410231312182723;202410231312192724;10001
202410231312192730;202410231312202731;10001
202410231312202739;202410231312212740;10001
202410231312212747;202410231312222748;10001
202410231312222759;202410231312232760;10001
202410231312232765;202410231312242766;10001
202410231312242771;202410231312252772;10001
202410231312252781;202410231312262782;10001
202410231312262787;202410231312272788;10001
202410231312272795;202410231312282796;10001
202410231312282804;202410231312292805;10001
202410231312292815;202410231312302816;10001
202410231312302826;202410231312312827;10001
202410231312312835;202410231312322836;10001
202410231312322843;202410231312332844;10001
202410231312332853;202410231312342854;10001
202410231312342861;202410231312352862;10001
202410231312352871;202410231312362872;10001
202410231312362877;202410231312372878;10001
202410231312372886;202410231312382887;10001
202410231312382892;202410231312392893;10001
202410231312392898;202410231312402899;10001
202410231312402908;202410231312412909;10001
202410231312412920;202410231312422921;10001
202410231312422930;202410231312432931;10001
202410231312432941;202410231312442942;10001
202410231312442953;202410231312452954;10001
202410231312452961;202410231312462962;10001
202410231312462966;202410231312472967;10001
202410231312472973;202410231312482974;10001
202410231312482981;202410231312492982;10001
202410231312492988;202410231312502989;10001
202410231312502999;202410231312513000;10001
202410231312513003;202410231312513005;2
202410231312513009;202410231312523010;10001
202410231312523016;202410231312533017;10001
202410231312533021;202410231312543022;10001
202410231312543031;202410231312553032;10001
202410231312553041;202410231312563042;10001
202410231312563047;202410231312573048;10001
202410231312573053;202410231312583054;10001
202410231312583060;202410231312593061;10001
202410231312593066;202410231313003067;410001
202410231313003076;202410231313013077;10001
202410231313013083;202410231313023084;10001
202410231313023091;202410231313033092;10001
202410231313033098;202410231313043099;10001
202410231313043102;202410231313053103;10001
202410231313053108;202410231313063109;10001
202410231313063114;202410231313073115;10001
202410231313073121;202410231313083122;10001
202410231313083126;202410231313093127;10001
202410231313093134;202410231313103135;10001
202410231313103142;202410231313113143;10001
202410231313113150;202410231313123151;10001
202410231313123157;202410231313133158;10001
202410231313133166;202410231313143167;10001
202410231313143176;202410231313153177;10001
202410231313153182;202410231313163183;10001
202410231313163191;202410231313173192;10001
202410231313173198;202410231313183199;10001
202410231313183208;202410231313193209;10001
202410231313193218;202410231313203219;10001
202410231313203224;202410231313213225;10001
202410231313213232;202410231313223233;10001
202410231313223238;202410231313233239;10001
202410231313233243;202410231313243244;10001
202410231313243252;202410231313253253;10001
202410231313253259;202410231313263260;10001
202410231313263263;202410231313273264;10001
202410231313273270;202410231313283271;10001
202410231313283277;202410231313293278;10001
202410231313293284;202410231313303285;10001
202410231313303291;202410231313313292;10001
202410231313313299;202410231313323300;10001
202410231313323305;202410231313333306;10001
202410231313333311;202410231313343312;10001
202410231313343321;202410231313353322;10001
202410231313353329;202410231313363330;10001
202410231313363339;202410231313373340;10001
202410231313373347;202410231313383348;10001
202410231313383355;202410231313393356;10001
202410231313393359;202410231313403360;10001
202410231313403368;202410231313413369;10001
202410231313413373;202410231313423374;10001
202410231313423380;202410231313433381;10001
202410231313433383;202410231313433385;2
202410231313433385;202410231313443386;10001
202410231313443388;202410231313443390;2
202410231313443392;202410231313453393;10001
202410231313453398;202410231313463399;10001
202410231313463403;202410231313463405;2
202410231313463405;202410231313473406;10001
202410231313473414;202410231313483415;10001
202410231313483420;202410231313493421;10001
202410231313493425;202410231313503426;10001
202410231313503434;202410231313513435;10001
202410231313513442;202410231313523443;10001
202410231313523450;202410231313533451;10001
202410231313533458;202410231313543459;10001
202410231313543467;202410231313553468;10001
202410231313553475;202410231313563476;10001
202410231313563484;202410231313573485;10001
202410231313573490;202410231313583491;10001
202410231313583497;202410231313593498;10001
202410231313593501;202410231314003502;410001
202410231314003504;202410231314003506;2
202410231314003507;202410231314013508;10001
202410231314013510;202410231314023511;10001
202410231314023513;202410231314033514;10001
202410231314033515;202410231314303562;270047
202410231314303569;202410231314313570;10001
202410231314313577;202410231314323578;10001
202410231314323585;202410231314333586;10001
202410231314333590;202410231314343591;10001
202410231314343598;202410231314353599;10001
202410231314353600;202410231314353602;2
202410231314353604;202410231314363605;10001
